0.65 0.80 0.20 0.08 1
0.62 0.68 0.20 0.08 1
0.59 0.73 0.19 0.08 1
0.58 0.70 0.22 0.08 1
0.63 0.82 0.20 0.08 1
0.68 0.89 0.25 0.16 1
0.58 0.77 0.20 0.12 1
0.63 0.77 0.22 0.08 1
0.56 0.66 0.20 0.08 1
0.62 0.70 0.22 0.04 1
0.68 0.84 0.22 0.08 1
0.61 0.77 0.23 0.08 1
0.61 0.68 0.20 0.04 1
0.54 0.68 0.16 0.04 1
0.73 0.91 0.17 0.08 1
0.72 1.00 0.22 0.16 1
0.68 0.89 0.19 0.16 1
0.65 0.80 0.20 0.12 1
0.72 0.86 0.25 0.12 1
0.65 0.86 0.22 0.12 1
0.68 0.77 0.25 0.08 1
0.65 0.84 0.22 0.16 1
0.58 0.82 0.14 0.08 1
0.65 0.75 0.25 0.20 1
0.61 0.77 0.28 0.08 1
0.89 0.73 0.68 0.56 2
0.81 0.73 0.65 0.60 2
0.87 0.70 0.71 0.60 2
0.70 0.52 0.58 0.52 2
0.82 0.64 0.67 0.60 2
0.72 0.64 0.65 0.52 2
0.80 0.75 0.68 0.64 2
0.62 0.55 0.48 0.40 2
0.84 0.66 0.67 0.52 2
0.66 0.61 0.57 0.56 2
0.63 0.45 0.51 0.40 2
0.75 0.68 0.61 0.60 2
0.76 0.50 0.58 0.40 2
0.77 0.66 0.68 0.56 2
0.71 0.66 0.52 0.52 2
0.85 0.70 0.64 0.56 2
0.71 0.68 0.65 0.60 2
0.73 0.61 0.59 0.40 2
0.78 0.50 0.65 0.60 2
0.71 0.57 0.57 0.44 2
0.75 0.73 0.70 0.72 2
0.77 0.64 0.58 0.52 2
0.80 0.57 0.71 0.60 2
0.77 0.64 0.68 0.48 2
0.81 0.66 0.62 0.52 2
0.80 0.75 0.87 1.00 3
0.73 0.61 0.74 0.76 3
0.90 0.68 0.86 0.84 3
0.80 0.66 0.81 0.72 3
0.82 0.68 0.84 0.88 3
0.96 0.68 0.96 0.84 3
0.62 0.57 0.65 0.68 3
0.92 0.66 0.91 0.72 3
0.85 0.57 0.84 0.72 3
0.91 0.82 0.88 1.00 3
0.82 0.73 0.74 0.80 3
0.81 0.61 0.77 0.76 3
0.86 0.68 0.80 0.84 3
0.72 0.57 0.72 0.80 3
0.73 0.64 0.74 0.96 3
0.81 0.73 0.77 0.92 3
0.82 0.68 0.80 0.72 3
0.97 0.86 0.97 0.88 3
0.97 0.59 1.00 0.92 3
0.76 0.50 0.72 0.60 3
0.87 0.73 0.83 0.92 3
0.71 0.64 0.71 0.80 3
0.97 0.64 0.97 0.80 3
0.80 0.61 0.71 0.72 3
0.85 0.75 0.83 0.84 3